name: bioinf
channels:
  - schrodinger
  - defaults
dependencies:
  - apbs=1.5=1
  - asn1crypto=1.4.0=py_0
  - biopython=1.78=py36he774522_0
  - blas=1.0=mkl
  - brotlipy=0.7.0=py36h2bbff1b_1003
  - ca-certificates=2020.10.14=0
  - certifi=2020.6.20=pyhd3eb1b0_3
  - cffi=1.14.3=py36hcd4344a_2
  - chardet=3.0.4=py36haa95532_1003
  - cryptography=3.2.1=py36hcd4344a_1
  - freemol=1.158=py_2
  - freetype=2.10.4=hd328e21_0
  - glew=2.0.0=0
  - h5py=2.10.0=py36h5e291fa_0
  - hdf5=1.10.4=h7ebc959_0
  - icc_rt=2019.0.0=h0cc432a_1
  - icu=58.2=ha925a31_3
  - idna=2.10=py_0
  - intel-openmp=2020.2=254
  - jpeg=9b=hb83a4c4_2
  - libiconv=1.15=h1df5818_7
  - libpng=1.6.37=h2a8f88b_0
  - libtiff=4.1.0=h56a325e_1
  - libxml2=2.9.10=hb89e7f3_3
  - lz4-c=1.9.2=hf4a77e7_3
  - mengine=1=0
  - mkl=2020.2=256
  - mkl-service=2.3.0=py36hb782905_0
  - mkl_fft=1.2.0=py36h45dec08_0
  - mkl_random=1.1.1=py36h47e9c7a_0
  - mpeg_encode=1=0
  - mtz2ccp4_px=1.0=1
  - numpy=1.19.2=py36hadc3359_0
  - numpy-base=1.19.2=py36ha3acd2a_0
  - olefile=0.46=py36_0
  - openssl=1.1.1h=he774522_0
  - pdb2pqr=2.1.2+pymol=py_0
  - pillow=8.0.1=py36h4fa10fc_0
  - pip=20.2.4=py36haa95532_0
  - pmw=2.0.1+3=py_3
  - pycparser=2.20=py_2
  - pymol=2.3.5=py36_0
  - pyopenssl=19.1.0=pyhd3eb1b0_1
  - pyqt=5.9.2=py36h6538335_2
  - pyreadline=2.1=py36_1
  - pysocks=1.7.1=py36haa95532_0
  - python=3.6.8=h9f7ef89_7
  - qt=5.9.7=vc14h73c81de_0
  - requests=2.24.0=py_0
  - rigimol=1.3=2
  - setuptools=50.3.1=py36haa95532_1
  - sip=4.19.8=py36h6538335_0
  - six=1.15.0=py_0
  - sqlite=3.33.0=h2a8f88b_0
  - tk=8.6.10=he774522_0
  - tzdata=2020d=h14c3975_0
  - urllib3=1.25.11=py_0
  - vc=14.1=h0510ff6_4
  - vs2013_runtime=12.0.21005=1
  - vs2015_runtime=14.16.27012=hf0eaf9b_3
  - wheel=0.35.1=pyhd3eb1b0_0
  - win_inet_pton=1.1.0=py36haa95532_0
  - wincertstore=0.2=py36h7fe50ca_0
  - xz=5.2.5=h62dcd97_0
  - zlib=1.2.11=h62dcd97_4
  - zstd=1.4.5=h04227a9_0

